<bodies>
	<body name="arms" owner_skeleton="human_skeleton">
		<capsules>
			<capsule name="l_arm" length="0.200" origin="0.000, 0.000, 0.000" frame="-0.834051, -0.035514, -0.550543, 0.000000, -0.090243, -0.975702, 0.199655, 0.000000, -0.544256, 0.216205, 0.810580, 0.000000, -0.182974, -0.015308, 1.407311, 0.000000">
				<points>
					<point radius="0.130">
						<bones>
							<bone name="l_upperarm_twist" weight="1.000"/>
						</bones>
					</point>
					<point radius="0.120">
						<bones>
							<bone name="l_upperarm_twist" weight="1.000"/>
						</bones>
					</point>
				</points>
			</capsule>
			<capsule name="r_arm" length="0.200" origin="0.000, 0.000, 0.000" frame="0.834051, -0.035514, -0.550543, 0.000000, 0.090243, -0.975702, 0.199655, 0.000000, -0.544256, -0.216205, -0.810580, 0.000000, 0.186272, -0.013717, 1.413608, 1.000000">
				<points>
					<point radius="0.130">
						<bones>
							<bone name="r_upperarm_twist" weight="1.000"/>
						</bones>
					</point>
					<point radius="0.120">
						<bones>
							<bone name="r_upperarm_twist" weight="1.000"/>
						</bones>
					</point>
				</points>
			</capsule>
			<capsule name="spine2" length="0.200" origin="0.000, 0.000, 0.000" frame="0.000000, 0.044167, 0.999024, 0.000000, 0.000003, 0.999024, -0.044167, 0.000000, -1.000000, 0.000003, 0.000000, 0.000000, 0.000000, 0.029294, 1.283774, 0.000000">
				<points>
					<point radius="0.210">
						<bones>
							<bone name="spine2" weight="1.000"/>
						</bones>
					</point>
					<point radius="0.180">
						<bones>
							<bone name="spine2" weight="1.000"/>
						</bones>
					</point>
				</points>
			</capsule>
			<capsule name="spine1" length="0.200" origin="0.000, 0.000, 0.000" frame="0.000000, 0.050348, 0.998732, 0.000000, 0.000003, 0.998732, -0.050348, 0.000000, -1.000000, 0.000003, -0.000000, 0.000000, -0.000000, 0.013739, 1.064863, 0.000000">
				<points>
					<point radius="0.200">
						<bones>
							<bone name="spine1" weight="1.000"/>
						</bones>
					</point>
					<point radius="0.200">
						<bones>
							<bone name="spine1" weight="1.000"/>
						</bones>
					</point>
				</points>
			</capsule>
			<capsule name="l_clavicle" length="0.070" origin="0.000, 0.000, 0.000" frame="-1.000000, 0.000000, -0.000000, 0.000000, 0.000000, -0.999619, -0.027593, 0.000000, 0.000000, -0.027593, 0.999619, 0.000000, -0.049050, -0.032672, 1.430773, 0.000000">
				<points>
					<point radius="0.150">
						<bones>
							<bone name="l_clavicle" weight="1.000"/>
						</bones>
					</point>
					<point radius="0.140">
						<bones>
							<bone name="l_clavicle" weight="1.000"/>
						</bones>
					</point>
				</points>
			</capsule>
			<capsule name="r_clavicle" length="0.070" origin="0.000, 0.000, 0.000" frame="1.000000, -0.000000, 0.000000, 0.000000, 0.000000, -0.999619, -0.027593, 0.000000, -0.000000, 0.027593, -0.999619, 0.000000, 0.047146, -0.029552, 1.437760, 0.000000">
				<points>
					<point radius="0.150">
						<bones>
							<bone name="r_clavicle" weight="1.000"/>
						</bones>
					</point>
					<point radius="0.140">
						<bones>
							<bone name="r_clavicle" weight="1.000"/>
						</bones>
					</point>
				</points>
			</capsule>
		</capsules>
	</body>
	<body name="cape_body" owner_skeleton="human_skeleton">
		<capsules>
			<capsule name="l_thigh" length="0.200" origin="0.000, 0.000, 0.000" frame="-0.078250, -0.066326, -0.994725, 0.000000, -0.005993, 0.997798, -0.066059, 0.000000, 0.996916, 0.000791, -0.078475, 0.000000, -0.100021, 0.009439, 0.915758, -0.060516">
				<points>
					<point radius="0.190">
						<bones>
							<bone name="l_thigh" weight="1.000"/>
						</bones>
					</point>
					<point radius="0.180">
						<bones>
							<bone name="l_thigh" weight="1.000"/>
						</bones>
					</point>
				</points>
			</capsule>
			<capsule name="r_thigh" length="0.200" origin="0.000, 0.000, 0.000" frame="0.078249, -0.066325, -0.994725, 0.000000, 0.005991, 0.997798, -0.066059, 0.000000, 0.996916, -0.000791, 0.078475, 0.000000, 0.099969, 0.000873, 0.915269, -0.061701">
				<points>
					<point radius="0.190">
						<bones>
							<bone name="r_thigh" weight="1.000"/>
						</bones>
					</point>
					<point radius="0.180">
						<bones>
							<bone name="r_thigh" weight="1.000"/>
						</bones>
					</point>
				</points>
			</capsule>
			<capsule name="spine" length="0.200" origin="0.000, 0.000, 0.000" frame="0.000000, -0.026797, 0.999641, 0.000000, 0.000003, 0.999641, 0.026797, 0.000000, -1.000000, 0.000003, 0.000000, 0.000000, 0.000000, 0.022259, 0.912332, 1.166432">
				<points>
					<point radius="0.220">
						<bones>
							<bone name="spine" weight="1.000"/>
						</bones>
					</point>
					<point radius="0.210">
						<bones>
							<bone name="spine" weight="1.000"/>
						</bones>
					</point>
				</points>
			</capsule>
			<capsule name="spine1" length="0.080" origin="0.000, 0.000, 0.000" frame="-0.000000, 0.041296, 0.999146, 0.000000, 0.000003, 0.999146, -0.041296, 0.000000, -1.000000, 0.000003, -0.000000, 0.000000, 0.000000, 0.048158, 1.029577, -0.167239">
				<points>
					<point radius="0.250">
						<bones>
							<bone name="spine1" weight="1.000"/>
						</bones>
					</point>
					<point radius="0.240">
						<bones>
							<bone name="spine1" weight="1.000"/>
						</bones>
					</point>
				</points>
			</capsule>
			<capsule name="l_clavicle" length="0.100" origin="0.000, 0.000, 0.000" frame="-0.974407, 0.006203, -0.224706, 0.000000, -0.000000, -0.999620, -0.027593, 0.000000, -0.224792, -0.026887, 0.974036, 0.000000, -0.086105, -0.027338, 1.430497, -0.093646">
				<points>
					<point radius="0.120">
						<bones>
							<bone name="l_clavicle" weight="1.000"/>
						</bones>
					</point>
					<point radius="0.120">
						<bones>
							<bone name="l_clavicle" weight="1.000"/>
						</bones>
					</point>
				</points>
			</capsule>
			<capsule name="l_upperarm" length="0.200" origin="0.000, 0.000, 0.000" frame="-0.834051, -0.035514, -0.550543, 0.000000, -0.090243, -0.975702, 0.199655, 0.000000, -0.544256, 0.216205, 0.810580, 0.000000, -0.186272, -0.013715, 1.413607, 1.000000">
				<points>
					<point radius="0.110">
						<bones>
							<bone name="l_upperarm_twist" weight="1.000"/>
						</bones>
					</point>
					<point radius="0.110">
						<bones>
							<bone name="l_upperarm_twist" weight="1.000"/>
						</bones>
					</point>
				</points>
			</capsule>
			<capsule name="r_upperarm" length="0.200" origin="0.000, 0.000, 0.000" frame="0.834051, -0.035514, -0.550543, 0.000000, 0.090244, -0.975702, 0.199655, 0.000000, -0.544256, -0.216205, -0.810580, 0.000000, 0.186272, -0.013717, 1.413608, 1.000000">
				<points>
					<point radius="0.110">
						<bones>
							<bone name="r_upperarm_twist" weight="1.000"/>
						</bones>
					</point>
					<point radius="0.110">
						<bones>
							<bone name="r_upperarm_twist" weight="1.000"/>
						</bones>
					</point>
				</points>
			</capsule>
			<capsule name="l_forearm" length="0.200" origin="0.000, 0.000, 0.000" frame="-0.832738, 0.056543, -0.550772, 0.000000, -0.052790, -0.998348, -0.022676, 0.000000, -0.551143, 0.010191, 0.834348, 0.000000, -0.427211, -0.023974, 1.254567, 1.000000">
				<points>
					<point radius="0.100">
						<bones>
							<bone name="l_foretwist" weight="1.000"/>
						</bones>
					</point>
					<point radius="0.100">
						<bones>
							<bone name="l_foretwist" weight="1.000"/>
						</bones>
					</point>
				</points>
			</capsule>
			<capsule name="r_forearm" length="0.200" origin="0.000, 0.000, 0.000" frame="0.832738, 0.056543, -0.550772, 0.000000, 0.052791, -0.998348, -0.022676, 0.000000, -0.551143, -0.010191, -0.834348, 0.000000, 0.427198, -0.023981, 1.254549, 1.000000">
				<points>
					<point radius="0.100">
						<bones>
							<bone name="r_foretwist" weight="1.000"/>
						</bones>
					</point>
					<point radius="0.100">
						<bones>
							<bone name="r_foretwist" weight="1.000"/>
						</bones>
					</point>
				</points>
			</capsule>
			<capsule name="r_clavicle" length="0.100" origin="0.000, 0.000, 0.000" frame="0.969016, 0.006815, -0.246902, 0.000000, 0.000000, -0.999619, -0.027593, 0.000000, -0.246996, 0.026738, -0.968647, 0.000000, 0.091274, -0.013673, 1.436734, -0.088086">
				<points>
					<point radius="0.120">
						<bones>
							<bone name="r_clavicle" weight="1.000"/>
						</bones>
					</point>
					<point radius="0.120">
						<bones>
							<bone name="r_clavicle" weight="1.000"/>
						</bones>
					</point>
				</points>
			</capsule>
			<capsule name="r_calf" length="0.290" origin="0.000, 0.000, 0.000" frame="0.077815, -0.119797, -0.989744, 0.000000, 0.010184, 0.992798, -0.119366, 0.000000, 0.996916, -0.000791, 0.078475, 0.000000, 0.132305, -0.007017, 0.497309, 1.000000">
				<points>
					<point radius="0.160">
						<bones>
							<bone name="r_calf" weight="1.000"/>
						</bones>
					</point>
					<point radius="0.140">
						<bones>
							<bone name="r_calf" weight="1.000"/>
						</bones>
					</point>
				</points>
			</capsule>
			<capsule name="l_calf" length="0.290" origin="0.000, 0.000, 0.000" frame="-0.077815, -0.119797, -0.989744, 0.000000, -0.010185, 0.992798, -0.119366, 0.000000, 0.996916, 0.000791, -0.078475, 0.000000, -0.133408, -0.007095, 0.498455, 1.000000">
				<points>
					<point radius="0.160">
						<bones>
							<bone name="l_calf" weight="1.000"/>
						</bones>
					</point>
					<point radius="0.140">
						<bones>
							<bone name="l_calf" weight="1.000"/>
						</bones>
					</point>
				</points>
			</capsule>
			<capsule name="spine2" length="0.170" origin="0.000, 0.000, 0.000" frame="0.000000, -0.026797, 0.999641, 0.000000, 0.000003, 0.999641, 0.026797, 0.000000, -1.000000, 0.000003, 0.000000, 0.000000, 0.000000, 0.044339, 1.305990, 0.256429">
				<points>
					<point radius="0.230">
						<bones>
							<bone name="spine2" weight="1.000"/>
						</bones>
					</point>
					<point radius="0.180">
						<bones>
							<bone name="spine2" weight="1.000"/>
						</bones>
					</point>
				</points>
			</capsule>
		</capsules>
	</body>
	<body name="detailed_head" owner_skeleton="human_skeleton">
		<capsules>
			<capsule name="New capsule" length="0.090" origin="0.000, 0.000, 0.000" frame="-0.000001, 0.151389, 0.988474, 0.000000, 0.000003, 0.988474, -0.151389, 0.000000, -1.000000, 0.000002, -0.000001, 0.000000, 0.000000, 0.022729, 1.573357, 1.000000">
				<points>
					<point radius="0.070">
						<bones>
							<bone name="head" weight="1.000"/>
						</bones>
					</point>
					<point radius="0.090">
						<bones>
							<bone name="head" weight="1.000"/>
						</bones>
					</point>
				</points>
			</capsule>
			<capsule name="New capsule1" length="0.080" origin="0.000, 0.000, 0.000" frame="-0.000001, -0.183535, 0.983014, 0.000000, 0.000002, 0.983013, 0.183535, 0.000000, -1.000000, 0.000002, -0.000001, 0.000000, 0.000000, 0.097980, 1.620093, 1.000000">
				<points>
					<point radius="0.080">
						<bones>
							<bone name="head" weight="1.000"/>
						</bones>
					</point>
					<point radius="0.080">
						<bones>
							<bone name="head" weight="1.000"/>
						</bones>
					</point>
				</points>
			</capsule>
			<capsule name="New capsule2" length="0.100" origin="0.000, 0.000, 0.000" frame="-0.000001, 0.142629, 0.989776, 0.000000, 0.000003, 0.989776, -0.142629, 0.000000, -1.000000, 0.000002, -0.000001, 0.000000, 0.000000, 0.007277, 1.466125, 1.000000">
				<points>
					<point radius="0.130">
						<bones>
							<bone name="neck" weight="1.000"/>
						</bones>
					</point>
					<point radius="0.090">
						<bones>
							<bone name="neck" weight="1.000"/>
						</bones>
					</point>
				</points>
			</capsule>
		</capsules>
	</body>
	<body name="empire_helmet_g" owner_skeleton="human_skeleton">
		<capsules>
			<capsule name="New capsule" length="0.200" origin="0.000, 0.000, 0.000" frame="-0.000001, 0.025487, 0.999675, 0.000000, 0.000002, 0.999675, -0.025487, 0.000000, -1.000000, 0.000002, -0.000001, 0.000000, 0.000000, 0.042563, 1.587870, 1.000000">
				<points>
					<point radius="0.120">
						<bones>
							<bone name="head" weight="1.000"/>
							<bone name="head" weight="0.000"/>
						</bones>
					</point>
					<point radius="0.100">
						<bones>
							<bone name="head" weight="1.000"/>
							<bone name="head" weight="0.000"/>
						</bones>
					</point>
				</points>
			</capsule>
			<capsule name="New capsule1" length="0.020" origin="0.000, 0.000, 0.000" frame="0.000066, -0.051433, 0.998677, 0.000000, -0.000315, 0.998677, 0.051433, 0.000000, -1.000000, -0.000318, 0.000050, 0.000000, -0.000001, 0.037970, 1.730137, 1.000000">
				<points>
					<point radius="0.110">
						<bones>
							<bone name="head" weight="1.000"/>
							<bone name="head" weight="0.000"/>
						</bones>
					</point>
					<point radius="0.110">
						<bones>
							<bone name="head" weight="1.000"/>
							<bone name="head" weight="0.000"/>
						</bones>
					</point>
				</points>
			</capsule>
		</capsules>
	</body>
	<body name="flag_pole">
		<capsules>
			<capsule name="New capsule" length="3.960" origin="0.000, 0.000, 0.000" frame="0.007834, 0.000000, -0.999969, 0.000000, 0.000000, 1.000000, 0.000000, 0.000000, 0.999969, 0.000000, 0.007834, 0.000000, -0.002944, 0.003745, 4.254718, 0.000000">
				<points>
					<point radius="0.060">
						<bones/>
					</point>
					<point radius="0.060">
						<bones/>
					</point>
				</points>
			</capsule>
		</capsules>
	</body>
	<body name="head" owner_skeleton="human_skeleton">
		<capsules>
			<capsule name="head" length="0.160" origin="0.000, 0.000, 0.000" frame="-0.000063, 0.217983, 0.975953, 0.000000, 0.000034, 0.975953, -0.217983, 0.000000, -0.999999, 0.000020, -0.000069, 0.000000, -0.000000, 0.010246, 1.576545, 0.000000">
				<points>
					<point radius="0.100">
						<bones>
							<bone name="head" weight="1.000"/>
						</bones>
					</point>
					<point radius="0.100">
						<bones>
							<bone name="head" weight="1.000"/>
						</bones>
					</point>
				</points>
			</capsule>
		</capsules>
	</body>
	<body name="head&amp;shoulders" owner_skeleton="human_skeleton">
		<capsules>
			<capsule name="head" length="0.170" origin="0.000, 0.000, 0.000" frame="-0.000001, 0.044505, 0.999009, 0.000000, 0.000002, 0.999009, -0.044505, 0.000000, -0.999999, 0.000003, -0.000001, 0.000000, -0.000000, 0.025361, 1.570490, 0.000000">
				<points>
					<point radius="0.090">
						<bones>
							<bone name="head" weight="1.000"/>
						</bones>
					</point>
					<point radius="0.080">
						<bones>
							<bone name="head" weight="1.000"/>
						</bones>
					</point>
				</points>
			</capsule>
			<capsule name="shoulder" length="0.200" origin="0.000, 0.000, 0.000" frame="0.999981, -0.000167, 0.006133, 0.000000, 0.000003, 0.999641, 0.026797, 0.000000, -0.006135, -0.026796, 0.999621, 0.000000, -0.100728, 0.015841, 1.377189, 0.000000">
				<points>
					<point radius="0.190">
						<bones>
							<bone name="spine2" weight="1.000"/>
						</bones>
					</point>
					<point radius="0.190">
						<bones>
							<bone name="spine2" weight="1.000"/>
						</bones>
					</point>
				</points>
			</capsule>
		</capsules>
	</body>
	<body name="helmet_capsule" owner_skeleton="human_skeleton">
		<capsules>
			<capsule name="head" length="0.150" origin="0.000, 0.000, 0.000" frame="-0.000001, 0.151389, 0.988474, 0.000000, 0.000003, 0.988475, -0.151389, 0.000000, -1.000000, 0.000003, -0.000001, 0.000000, 0.000000, 0.022729, 1.573357, 1.000000">
				<points>
					<point radius="0.140">
						<bones>
							<bone name="head" weight="1.000"/>
						</bones>
					</point>
					<point radius="0.130">
						<bones>
							<bone name="head" weight="1.000"/>
						</bones>
					</point>
				</points>
			</capsule>
			<capsule name="New capsule" length="0.110" origin="0.000, 0.000, 0.000" frame="-0.000001, 0.151389, 0.988474, 0.000000, 0.000003, 0.988475, -0.151389, 0.000000, -1.000000, 0.000003, -0.000001, 0.000000, 0.000000, 0.049028, 1.843460, 0.000000">
				<points>
					<point radius="0.020">
						<bones/>
					</point>
					<point radius="0.020">
						<bones/>
					</point>
				</points>
			</capsule>
		</capsules>
	</body>
	<body name="helmet_head_shoulder" owner_skeleton="human_skeleton">
		<capsules>
			<capsule name="Head" length="0.170" origin="0.000, 0.000, 0.000" frame="-0.000001, 0.151389, 0.988474, 0.000000, 0.000003, 0.988474, -0.151389, 0.000000, -1.000000, 0.000002, -0.000001, 0.000000, -0.000000, 0.026369, 1.566935, 1.000000">
				<points>
					<point radius="0.110">
						<bones>
							<bone name="head" weight="1.000"/>
							<bone name="head" weight="1.000"/>
						</bones>
					</point>
					<point radius="0.100">
						<bones>
							<bone name="head" weight="1.000"/>
							<bone name="head" weight="1.000"/>
						</bones>
					</point>
				</points>
			</capsule>
			<capsule name="spine" length="0.200" origin="0.000, 0.000, 0.000" frame="-0.999912, -0.000353, 0.013251, 0.000000, 0.000003, 0.999641, 0.026797, 0.000000, -0.013256, 0.026795, -0.999553, 0.000000, 0.107767, -0.006026, 1.389738, 1.000000">
				<points>
					<point radius="0.130">
						<bones>
							<bone name="spine2" weight="1.000"/>
						</bones>
					</point>
					<point radius="0.130">
						<bones>
							<bone name="spine" weight="1.000"/>
						</bones>
					</point>
				</points>
			</capsule>
			<capsule name="l_clavicle" length="0.151" origin="0.000, 0.000, 0.000" frame="-1.000000, -0.000000, -0.000000, 0.000000, 0.000000, -0.999619, -0.027593, 0.000000, -0.000000, -0.027593, 0.999619, 0.000000, -0.062167, -0.013887, 1.419838, 1.000000">
				<points>
					<point radius="0.136">
						<bones>
							<bone name="l_clavicle" weight="1.000"/>
						</bones>
					</point>
					<point radius="0.085">
						<bones>
							<bone name="l_clavicle" weight="1.000"/>
						</bones>
					</point>
				</points>
			</capsule>
			<capsule name="r_clavicle" length="0.151" origin="0.000, 0.000, 0.000" frame="1.000000, 0.000000, 0.000000, 0.000000, 0.000000, -0.999619, -0.027593, 0.000000, 0.000000, 0.027593, -0.999619, 0.000000, 0.047146, -0.013959, 1.422429, 1.000000">
				<points>
					<point radius="0.136">
						<bones>
							<bone name="r_clavicle" weight="1.000"/>
						</bones>
					</point>
					<point radius="0.085">
						<bones>
							<bone name="r_clavicle" weight="1.000"/>
						</bones>
					</point>
				</points>
			</capsule>
			<capsule name="face" length="0.120" origin="0.000, 0.000, 0.000" frame="0.000002, 0.233519, -0.972353, 0.000000, -0.000002, -0.972353, -0.233519, 0.000000, -1.000000, 0.000002, -0.000001, 0.000000, 0.000000, 0.067599, 1.712932, 1.000000">
				<points>
					<point radius="0.090">
						<bones>
							<bone name="head" weight="1.000"/>
						</bones>
					</point>
					<point radius="0.080">
						<bones>
							<bone name="head" weight="1.000"/>
						</bones>
					</point>
				</points>
			</capsule>
			<capsule name="neck" length="0.120" origin="0.000, 0.000, 0.000" frame="-0.000001, 0.142629, 0.989776, 0.000000, 0.000003, 0.989776, -0.142629, 0.000000, -1.000000, 0.000002, -0.000001, 0.000000, 0.000000, 0.007277, 1.466125, 1.000000">
				<points>
					<point radius="0.100">
						<bones>
							<bone name="neck" weight="1.000"/>
						</bones>
					</point>
					<point radius="0.090">
						<bones>
							<bone name="neck" weight="1.000"/>
						</bones>
					</point>
				</points>
			</capsule>
		</capsules>
	</body>
	<body name="horse_body" owner_skeleton="horse_skeleton">
		<capsules>
			<capsule name="horse_neck_1" length="0.320" origin="0.000, 0.000, 0.000" frame="0.005173, 0.688458, 0.725258, 0.000000, 0.001855, 0.725260, -0.688473, 0.000000, -0.999985, 0.004907, 0.002475, 0.000000, 0.000108, 0.582547, 1.364135, 0.000000">
				<points>
					<point radius="0.250">
						<bones>
							<bone name="horseneck1" weight="1.000"/>
						</bones>
					</point>
					<point radius="0.150">
						<bones>
							<bone name="horseneck1" weight="1.000"/>
						</bones>
					</point>
				</points>
			</capsule>
			<capsule name="horse_neck_3" length="0.230" origin="0.000, 0.000, 0.000" frame="0.013936, 0.803086, 0.595701, 0.000000, 0.242036, 0.575332, -0.781288, 0.000000, -0.970167, 0.155069, -0.186357, 0.000000, -0.011078, 1.043802, 1.817822, 0.000000">
				<points>
					<point radius="0.110">
						<bones>
							<bone name="horseneck1" weight="0.600"/>
							<bone name="horseneck2" weight="0.900"/>
						</bones>
					</point>
					<point radius="0.090">
						<bones>
							<bone name="horse_head" weight="0.000"/>
							<bone name="horse_head" weight="1.000"/>
						</bones>
					</point>
				</points>
			</capsule>
			<capsule name="horse_head" length="0.390" origin="0.000, 0.000, 0.000" frame="0.000101, 0.559243, -0.829004, 0.000000, -0.000439, -0.829003, -0.559243, 0.000000, -1.000000, 0.000420, 0.000161, 0.000000, -0.000003, 1.335170, 1.928275, 0.000000">
				<points>
					<point radius="0.170">
						<bones>
							<bone name="horse_head" weight="1.000"/>
							<bone name="horse_head" weight="0.000"/>
						</bones>
					</point>
					<point radius="0.110">
						<bones>
							<bone name="horse_head" weight="1.000"/>
							<bone name="horse_head" weight="0.000"/>
						</bones>
					</point>
				</points>
			</capsule>
			<capsule name="horse_neck_2" length="0.200" origin="0.000, 0.000, 0.000" frame="0.001857, 0.775109, 0.631824, 0.000000, -0.003624, 0.631826, -0.775101, 0.000000, -0.999991, -0.000851, 0.003983, 0.000000, 0.000119, 0.813346, 1.641193, 0.000000">
				<points>
					<point radius="0.120">
						<bones>
							<bone name="horseneck1" weight="1.000"/>
							<bone name="horseneck2" weight="0.000"/>
						</bones>
					</point>
					<point radius="0.110">
						<bones>
							<bone name="horseneck1" weight="0.000"/>
							<bone name="horseneck2" weight="1.000"/>
						</bones>
					</point>
				</points>
			</capsule>
			<capsule name="horse_ribcage" length="0.330" origin="0.000, 0.000, 0.000" frame="0.000024, 0.998123, -0.061243, 0.000000, 0.000205, -0.061243, -0.998123, 0.000000, -1.000000, 0.000011, -0.000206, 0.000000, 0.000006, 0.352822, 1.260661, 0.000000">
				<points>
					<point radius="0.290">
						<bones>
							<bone name="horsespine3" weight="1.000"/>
						</bones>
					</point>
					<point radius="0.330">
						<bones>
							<bone name="horsespine3" weight="1.000"/>
						</bones>
					</point>
				</points>
			</capsule>
			<capsule name="horse_spine" length="0.320" origin="0.000, 0.000, 0.000" frame="0.000001, 0.999786, 0.020690, 0.000000, 0.000208, 0.020690, -0.999786, 0.000000, -1.000000, 0.000005, -0.000208, 0.000000, 0.000024, -0.097827, 1.160079, 1.000000">
				<points>
					<point radius="0.380">
						<bones>
							<bone name="horsespine2" weight="1.000"/>
							<bone name="horsespine2" weight="0.000"/>
						</bones>
					</point>
					<point radius="0.370">
						<bones>
							<bone name="horsespine3" weight="1.000"/>
							<bone name="horsespine3" weight="0.000"/>
						</bones>
					</point>
				</points>
			</capsule>
			<capsule name="horse_pelvis" length="0.240" origin="0.000, 0.000, 0.000" frame="0.000114, 0.998382, 0.056857, 0.000000, 0.000207, 0.056857, -0.998382, 0.000000, -1.000000, 0.000125, -0.000200, 0.000000, 0.000029, -0.370262, 1.186581, 1.000000">
				<points>
					<point radius="0.390">
						<bones>
							<bone name="horsepelvis" weight="1.000"/>
							<bone name="horsepelvis" weight="0.000"/>
						</bones>
					</point>
					<point radius="0.380">
						<bones>
							<bone name="horsespine2" weight="1.000"/>
							<bone name="horsespine2" weight="0.000"/>
						</bones>
					</point>
				</points>
			</capsule>
			<capsule name="horse_fl_leg_1" length="0.250" origin="0.000, 0.000, 0.000" frame="-0.058806, 0.173182, -0.983132, 0.000000, 0.030040, 0.984698, 0.171662, 0.000000, 0.997817, -0.019439, -0.063109, 0.000000, -0.134067, 0.659232, 1.211426, 1.000000">
				<points>
					<point radius="0.180">
						<bones>
							<bone name="horselleg1" weight="1.000"/>
							<bone name="horselleg1" weight="0.000"/>
						</bones>
					</point>
					<point radius="0.170">
						<bones>
							<bone name="horselleg2" weight="1.000"/>
							<bone name="horselleg2" weight="0.000"/>
						</bones>
					</point>
				</points>
			</capsule>
			<capsule name="horse_fl_leg_2" length="0.570" origin="0.000, 0.000, 0.000" frame="0.018220, 0.017064, -0.999688, 0.000000, -0.058581, 0.998155, 0.015970, 0.000000, 0.998116, 0.058271, 0.019186, 0.000000, -0.160530, 0.687156, 0.932130, 0.000000">
				<points>
					<point radius="0.180">
						<bones>
							<bone name="horselleg2" weight="1.000"/>
							<bone name="horselleg2" weight="0.000"/>
						</bones>
					</point>
					<point radius="0.120">
						<bones>
							<bone name="horselleg3" weight="1.000"/>
							<bone name="horselleg3" weight="0.000"/>
						</bones>
					</point>
				</points>
			</capsule>
			<capsule name="horse_rl_leg_1" length="0.320" origin="0.000, 0.000, 0.000" frame="0.021238, 0.640204, -0.767911, 0.000000, -0.065830, 0.767313, 0.637885, 0.000000, 0.997605, 0.037004, 0.058441, 0.000000, -0.133465, -0.501122, 1.336974, 0.000000">
				<points>
					<point radius="0.170">
						<bones>
							<bone name="horselfemur" weight="1.000"/>
						</bones>
					</point>
					<point radius="0.210">
						<bones>
							<bone name="horselfemur" weight="1.000"/>
						</bones>
					</point>
				</points>
			</capsule>
			<capsule name="horse_rl_leg_2" length="0.490" origin="0.000, 0.000, 0.000" frame="0.024871, -0.576596, -0.816651, 0.000000, 0.040989, 0.816805, -0.575456, 0.000000, 0.998850, -0.019162, 0.043949, 0.000000, -0.156492, -0.381414, 0.995947, 0.000000">
				<points>
					<point radius="0.180">
						<bones>
							<bone name="horseltibia" weight="1.000"/>
						</bones>
					</point>
					<point radius="0.130">
						<bones>
							<bone name="horseltibia" weight="1.000"/>
						</bones>
					</point>
				</points>
			</capsule>
			<capsule name="horse_fr_leg_1" length="0.250" origin="0.000, 0.000, 0.000" frame="0.103011, 0.038032, -0.993953, 0.000000, -0.000558, 0.999271, 0.038178, 0.000000, 0.994680, -0.003378, 0.102958, 0.000000, 0.131896, 0.684616, 1.218148, 1.000000">
				<points>
					<point radius="0.180">
						<bones>
							<bone name="horserleg1" weight="1.000"/>
							<bone name="horserleg1" weight="0.000"/>
						</bones>
					</point>
					<point radius="0.190">
						<bones>
							<bone name="horserleg2" weight="1.000"/>
							<bone name="horserleg2" weight="0.000"/>
						</bones>
					</point>
				</points>
			</capsule>
			<capsule name="horse_rr_leg_2" length="0.490" origin="0.000, 0.000, 0.000" frame="-0.039560, -0.576212, -0.816343, 0.000000, -0.040497, 0.817235, -0.574879, 0.000000, 0.998396, 0.010318, -0.055664, 0.000000, 0.167708, -0.387728, 0.985317, 1.000000">
				<points>
					<point radius="0.160">
						<bones>
							<bone name="horsertibia" weight="1.000"/>
						</bones>
					</point>
					<point radius="0.130">
						<bones>
							<bone name="horsertibia" weight="1.000"/>
						</bones>
					</point>
				</points>
			</capsule>
			<capsule name="horse_fr_leg_2" length="0.580" origin="0.000, 0.000, 0.000" frame="-0.032417, -0.000715, -0.999474, 0.000000, 0.003145, 0.999995, -0.000818, 0.000000, 0.999470, -0.003170, -0.032415, 0.000000, 0.171766, 0.688684, 0.966651, 0.000000">
				<points>
					<point radius="0.180">
						<bones>
							<bone name="horserleg2" weight="1.000"/>
							<bone name="horselleg2" weight="0.000"/>
						</bones>
					</point>
					<point radius="0.120">
						<bones>
							<bone name="horserleg3" weight="1.000"/>
							<bone name="horserleg3" weight="0.000"/>
						</bones>
					</point>
				</points>
			</capsule>
			<capsule name="horse_rr_leg_1" length="0.330" origin="0.000, 0.000, 0.000" frame="-0.037173, 0.300417, -0.953083, 0.000000, -0.025224, 0.953156, 0.301424, 0.000000, 0.998990, 0.035245, -0.027854, 0.000000, 0.181019, -0.495303, 1.326603, 1.000000">
				<points>
					<point radius="0.140">
						<bones>
							<bone name="horserfemur" weight="1.000"/>
						</bones>
					</point>
					<point radius="0.200">
						<bones>
							<bone name="horserfemur" weight="1.000"/>
						</bones>
					</point>
				</points>
			</capsule>
			<capsule name="New capsule" length="0.530" origin="0.000, 0.000, 0.000" frame="-0.054662, 0.018770, -0.998328, 0.000000, -0.072391, 0.997118, 0.022711, 0.000000, 0.995877, 0.073511, -0.053146, 0.000000, 0.150844, -0.633371, 0.637303, 1.000000">
				<points>
					<point radius="0.120">
						<bones>
							<bone name="horserlargecannon" weight="1.000"/>
						</bones>
					</point>
					<point radius="0.100">
						<bones>
							<bone name="horserlargecannon" weight="1.000"/>
						</bones>
					</point>
				</points>
			</capsule>
		</capsules>
	</body>
	<body name="horse_neck_head" owner_skeleton="horse_skeleton">
		<capsules>
			<capsule name="Neck1" length="0.420" origin="0.000, 0.000, 0.000" frame="-0.000069, 0.789202, 0.614135, 0.000000, 0.000006, 0.614135, -0.789202, 0.000000, -1.000000, -0.000051, -0.000046, 0.000000, -0.007703, 0.332711, 1.268183, 1.000000">
				<points>
					<point radius="0.240">
						<bones>
							<bone name="horseneck1" weight="0.150"/>
							<bone name="horsespine3" weight="1.000"/>
						</bones>
					</point>
					<point radius="0.160">
						<bones>
							<bone name="horseneck1" weight="1.000"/>
							<bone name="horsespine3" weight="0.400"/>
						</bones>
					</point>
				</points>
			</capsule>
			<capsule name="Neck1_2" length="0.210" origin="0.000, 0.000, 0.000" frame="-0.003767, 0.752375, 0.658725, 0.000000, -0.036806, 0.658179, -0.751962, 0.000000, -0.999316, -0.027079, 0.025213, 0.000000, 0.006185, 0.750992, 1.562028, 0.000000">
				<points>
					<point radius="0.180">
						<bones>
							<bone name="horseneck1" weight="0.500"/>
							<bone name="horseneck2" weight="0.500"/>
						</bones>
					</point>
					<point radius="0.150">
						<bones>
							<bone name="horseneck1" weight="0.500"/>
							<bone name="horseneck2" weight="0.500"/>
						</bones>
					</point>
				</points>
			</capsule>
			<capsule name="New capsule" length="0.320" origin="0.000, 0.000, 0.000" frame="-0.007125, 0.809534, 0.587031, 0.000000, -0.036306, 0.586449, -0.809173, 0.000000, -0.999316, -0.027079, 0.025213, 0.000000, 0.004934, 0.975424, 1.753481, 0.000000">
				<points>
					<point radius="0.150">
						<bones>
							<bone name="horseneck2" weight="1.000"/>
						</bones>
					</point>
					<point radius="0.120">
						<bones>
							<bone name="horseneck2" weight="1.000"/>
						</bones>
					</point>
				</points>
			</capsule>
			<capsule name="New capsule1" length="0.200" origin="0.000, 0.000, 0.000" frame="-0.006451, 0.798517, 0.601940, 0.000000, -0.036432, 0.601364, -0.798145, 0.000000, -0.999316, -0.027079, 0.025213, 0.000000, 0.002591, 1.096813, 1.790990, 0.000000">
				<points>
					<point radius="0.160">
						<bones>
							<bone name="horseneck2" weight="1.000"/>
						</bones>
					</point>
					<point radius="0.160">
						<bones>
							<bone name="horseneck2" weight="1.000"/>
						</bones>
					</point>
				</points>
			</capsule>
			<capsule name="head" length="0.310" origin="0.000, 0.000, 0.000" frame="0.000138, 0.628725, -0.777629, 0.000000, -0.000430, -0.777628, -0.628725, 0.000000, -1.000000, 0.000420, 0.000163, 0.000000, 0.014620, 1.328933, 1.937510, 0.000000">
				<points>
					<point radius="0.170">
						<bones>
							<bone name="horse_head" weight="1.000"/>
						</bones>
					</point>
					<point radius="0.110">
						<bones>
							<bone name="horse_head" weight="1.000"/>
						</bones>
					</point>
				</points>
			</capsule>
			<capsule name="New capsule3" length="0.240" origin="0.000, 0.000, 0.000" frame="0.000021, 0.681035, 0.732252, 0.000000, -0.036998, 0.731751, -0.680568, 0.000000, -0.999316, -0.027079, 0.025213, 0.000000, 0.006280, 0.648413, 1.455633, 0.000000">
				<points>
					<point radius="0.160">
						<bones>
							<bone name="horseneck1" weight="1.000"/>
							<bone name="horseneck2" weight="0.400"/>
						</bones>
					</point>
					<point radius="0.140">
						<bones>
							<bone name="horseneck1" weight="1.000"/>
							<bone name="horseneck2" weight="1.000"/>
						</bones>
					</point>
				</points>
			</capsule>
		</capsules>
	</body>
	<body name="horse_neck_head_rein" owner_skeleton="horse_skeleton">
		<capsules>
			<capsule name="Neck1" length="0.220" origin="0.000, 0.000, 0.000" frame="-0.000070, 0.759689, 0.650289, 0.000000, 0.000002, 0.650289, -0.759689, 0.000000, -1.000000, -0.000051, -0.000046, 0.000000, -0.007719, 0.549848, 1.367811, 1.000000">
				<points>
					<point radius="0.180">
						<bones>
							<bone name="horseneck1" weight="0.150"/>
							<bone name="horsespine3" weight="1.000"/>
						</bones>
					</point>
					<point radius="0.180">
						<bones>
							<bone name="horseneck1" weight="1.000"/>
							<bone name="horsespine3" weight="0.400"/>
						</bones>
					</point>
				</points>
			</capsule>
			<capsule name="Neck1_2" length="0.210" origin="0.000, 0.000, 0.000" frame="-0.003767, 0.752375, 0.658725, 0.000000, -0.036806, 0.658179, -0.751962, 0.000000, -0.999316, -0.027079, 0.025213, 0.000000, -0.011182, 0.750521, 1.562466, 1.000000">
				<points>
					<point radius="0.160">
						<bones>
							<bone name="horseneck1" weight="1.000"/>
						</bones>
					</point>
					<point radius="0.160">
						<bones>
							<bone name="horseneck2" weight="1.000"/>
						</bones>
					</point>
				</points>
			</capsule>
			<capsule name="New capsule" length="0.320" origin="0.000, 0.000, 0.000" frame="-0.007125, 0.809534, 0.587031, 0.000000, -0.036306, 0.586449, -0.809173, 0.000000, -0.999316, -0.027079, 0.025213, 0.000000, -0.012629, 0.911089, 1.666468, 1.000000">
				<points>
					<point radius="0.160">
						<bones>
							<bone name="horseneck2" weight="1.000"/>
						</bones>
					</point>
					<point radius="0.160">
						<bones>
							<bone name="horseneck2" weight="1.000"/>
						</bones>
					</point>
				</points>
			</capsule>
			<capsule name="New capsule1" length="0.850" origin="0.000, 0.000, 0.000" frame="-0.006451, 0.798517, 0.601940, 0.000000, -0.036432, 0.601364, -0.798145, 0.000000, -0.999316, -0.027079, 0.025213, 0.000000, -0.008183, 1.096521, 1.791262, 1.000000">
				<points>
					<point radius="0.160">
						<bones>
							<bone name="horseneck2" weight="1.000"/>
						</bones>
					</point>
					<point radius="0.160">
						<bones>
							<bone name="horseneck2" weight="1.000"/>
						</bones>
					</point>
				</points>
			</capsule>
			<capsule name="New capsule3" length="0.230" origin="0.000, 0.000, 0.000" frame="0.000021, 0.681035, 0.732252, 0.000000, -0.036998, 0.731751, -0.680568, 0.000000, -0.999316, -0.027079, 0.025213, 0.000000, -0.004381, 0.648124, 1.455902, 1.000000">
				<points>
					<point radius="0.140">
						<bones>
							<bone name="horseneck1" weight="1.000"/>
							<bone name="horseneck2" weight="0.400"/>
						</bones>
					</point>
					<point radius="0.140">
						<bones>
							<bone name="horseneck1" weight="1.000"/>
							<bone name="horseneck2" weight="1.000"/>
						</bones>
					</point>
				</points>
			</capsule>
			<capsule name="New capsule2" length="0.300" origin="0.000, 0.000, 0.000" frame="-0.260029, 0.518243, -0.814745, 0.000000, -0.024525, 0.839953, 0.542104, 0.000000, 0.965290, 0.160944, -0.205702, 0.000000, -0.117287, 0.626834, 1.363597, 1.000000">
				<points>
					<point radius="0.130">
						<bones>
							<bone name="horsespine3" weight="1.000"/>
						</bones>
					</point>
					<point radius="0.130">
						<bones>
							<bone name="horselleg1" weight="1.000"/>
						</bones>
					</point>
				</points>
			</capsule>
			<capsule name="New capsule4" length="0.730" origin="0.000, 0.000, 0.000" frame="-0.000067, 0.546616, 0.837384, 0.000000, -0.000017, 0.837384, -0.546616, 0.000000, -1.000000, -0.000051, -0.000047, 0.000000, -0.004315, 0.831879, 1.307074, 1.000000">
				<points>
					<point radius="0.130">
						<bones>
							<bone name="horseneck1" weight="1.000"/>
						</bones>
					</point>
					<point radius="0.130">
						<bones>
							<bone name="horse_head" weight="1.000"/>
						</bones>
					</point>
				</points>
			</capsule>
			<capsule name="New capsule5" length="0.200" origin="0.000, 0.000, 0.000" frame="-0.000054, 0.949883, 0.312605, 0.000000, 0.000200, 0.312605, -0.949883, 0.000000, -1.000000, 0.000011, -0.000206, 0.000000, -0.003818, 0.472238, 1.306101, 1.000000">
				<points>
					<point radius="0.270">
						<bones>
							<bone name="horsespine3" weight="1.000"/>
						</bones>
					</point>
					<point radius="0.270">
						<bones>
							<bone name="horsespine3" weight="1.000"/>
						</bones>
					</point>
				</points>
			</capsule>
			<capsule name="New capsule6" length="0.300" origin="0.000, 0.000, 0.000" frame="0.141258, 0.700456, -0.699577, 0.000000, -0.026729, 0.709104, 0.704597, 0.000000, 0.989612, -0.080831, 0.118889, 0.000000, 0.131309, 0.617437, 1.328882, 1.000000">
				<points>
					<point radius="0.130">
						<bones>
							<bone name="horsespine3" weight="1.000"/>
						</bones>
					</point>
					<point radius="0.130">
						<bones>
							<bone name="horserleg1" weight="1.000"/>
						</bones>
					</point>
				</points>
			</capsule>
			<capsule name="New capsule51" length="0.380" origin="0.000, 0.000, 0.000" frame="-0.000098, 0.854283, 0.519808, 0.000000, 0.000182, 0.519808, -0.854283, 0.000000, -1.000000, 0.000011, -0.000206, 0.000000, -0.003834, 0.516420, 1.388616, 1.000000">
				<points>
					<point radius="0.160">
						<bones>
							<bone name="horsespine3" weight="1.000"/>
						</bones>
					</point>
					<point radius="0.160">
						<bones>
							<bone name="horseneck1" weight="1.000"/>
						</bones>
					</point>
				</points>
			</capsule>
		</capsules>
	</body>
	<body name="human_body" owner_skeleton="human_skeleton">
		<capsules>
			<capsule name="l_calf" length="0.500" origin="0.000, 0.000, 0.000" frame="-0.077815, -0.119797, -0.989744, 0.000000, -0.010185, 0.992798, -0.119366, 0.000000, 0.996916, 0.000791, -0.078475, 0.000000, -0.134387, -0.008601, 0.486017, 340282346638528859811704183484516925440.000000">
				<points>
					<point radius="0.090">
						<bones>
							<bone name="l_calf" weight="1.000"/>
							<bone name="l_calf" weight="0.000"/>
						</bones>
					</point>
					<point radius="0.080">
						<bones>
							<bone name="l_calf" weight="1.000"/>
							<bone name="l_calf" weight="0.000"/>
						</bones>
					</point>
				</points>
			</capsule>
			<capsule name="r_calf" length="0.500" origin="0.000, 0.000, 0.000" frame="0.077815, -0.119797, -0.989744, 0.000000, 0.010184, 0.992798, -0.119366, 0.000000, 0.996916, -0.000791, 0.078475, 0.000000, 0.132967, -0.009746, 0.488880, 340282346638528859811704183484516925440.000000">
				<points>
					<point radius="0.090">
						<bones>
							<bone name="r_calf" weight="1.000"/>
							<bone name="r_calf" weight="0.000"/>
						</bones>
					</point>
					<point radius="0.080">
						<bones>
							<bone name="r_calf" weight="1.000"/>
							<bone name="r_calf" weight="0.000"/>
						</bones>
					</point>
				</points>
			</capsule>
			<capsule name="l_thigh" length="0.280" origin="0.000, 0.000, 0.000" frame="-0.078250, -0.066326, -0.994725, 0.000000, -0.005993, 0.997798, -0.066059, 0.000000, 0.996916, 0.000791, -0.078475, 0.000000, -0.103553, 0.014869, 0.800512, 0.000000">
				<points>
					<point radius="0.100">
						<bones>
							<bone name="l_thigh" weight="1.000"/>
							<bone name="l_thigh" weight="0.000"/>
						</bones>
					</point>
					<point radius="0.100">
						<bones>
							<bone name="l_thigh" weight="1.000"/>
